Assamese: 0.00530645323593
[Legacy] Brazilian: 0.00626475218016
Magahi: 0.0127571583481
Bihari: 0.0127640131243
Oriya: 0.0132111641957
Hindi: 0.0143044093178
Icelandic: 0.0144324284335
Urdu: 0.0145540081251
Marathi: 0.0154353292622
Marwari: 0.0159250882545
Tajik: 0.016032402407
Persian: 0.0175204396422
Russian: 0.0198984342334
Faroese: 0.0206595406171
Portuguese: 0.021559133653
Ukrainian: 0.0246162367843
Classical Armenian: 0.0246716279351
Ossetic Digor: 0.0247582454025
Ossetic Iron: 0.024821380133
Armenian Eastern: 0.0249106896063
Spanish: 0.0249883657433
Armenian Western: 0.0250192167864
Ossetic: 0.0252131779204
Belarusian: 0.0264456224423
Old Norse: 0.0267293903053
Old Irish: 0.027157666233
Irish: 0.0273223608717
Norwegian Riksmal: 0.0282855666915
Catalan: 0.0285713235586
Breton: 0.0289364436754
Middle Cornish: 0.0292138806477
Middle Breton: 0.0292194247957
[Legacy] Breton St: 0.0294191092829
Old Swedish: 0.0295362733578
Swedish: 0.0295497295165
Stavangersk: 0.0296413948403
Elfdalian: 0.030917587289
Scottish Gaelic: 0.031263502706
Gutnish Lau: 0.0321366351575
Bulgarian: 0.0334511701002
Polish: 0.0336851772432
Latin: 0.0338069801108
Macedonian: 0.0339943263941
Lithuanian: 0.0340042315362
Slovak: 0.0340451360347
Old Church Slavonic: 0.0341421478373
English: 0.03456163715
Dutch: 0.034689300151
Slovenian: 0.0348563603197
Czech: 0.0349985310846
Italian: 0.0350181587928
[Legacy] Macedonian: 0.0350509300983
Danish: 0.0350813502288
Serbo-Croatian: 0.0351219944626
Frisian: 0.0352731399006
French: 0.0358333375276
Danish Fjolde: 0.036098539548
Mycenaean Greek: 0.0364628811941
Sorbian Lower: 0.0371787293588
Sorbian Upper: 0.0376624696086
Romanian: 0.0378619807133
Ancient Greek: 0.0381016013962
[Legacy] Serbian: 0.038361806063
German: 0.0383638095298
Greek: 0.0388506236259
[Legacy] Albanian T: 0.0417853680323