smooth the geographical distance by making it greater than 200km:
Assamese: 0.00410886966944
[Legacy] Brazilian: 0.00481919719103
Icelandic: 0.0111850132599
Urdu: 0.0118019770693
Tajik: 0.012334275684
Bihari: 0.0131704135412
Hindi: 0.0138415025795
Persian: 0.0138892050725
Magahi: 0.0140936013208
Oriya: 0.0145743599856
Marathi: 0.0145946488081
Marwari: 0.015155186051
Russian: 0.0152282705087
Faroese: 0.0164622142102
Portuguese: 0.0170967308998
Ukrainian: 0.0180228459243
Spanish: 0.0193223712362
Old Norse: 0.0202263416275
Belarusian: 0.0205184936344
Catalan: 0.02238133271
Armenian Western: 0.0229101810777
Norwegian Riksmal: 0.0233429374661
Middle Cornish: 0.0233676567035
Old Irish: 0.0235237999864
Middle Breton: 0.0236381341325
Breton: 0.0236602871368
Ossetic Iron: 0.0237415317133
Ossetic Digor: 0.024074926645
Ossetic: 0.0241318433165
Stavangersk: 0.024219536218
Armenian Eastern: 0.0245096960154
[Legacy] Breton St: 0.0245580548999
Gutnish Lau: 0.024789531482
Classical Armenian: 0.0251140175377
Old Swedish: 0.0254719753428
Polish: 0.025551462682
Slovak: 0.0256135937496
Swedish: 0.0258783740441
Slovenian: 0.026168405968
Irish: 0.0264536506572
Latin: 0.0269142606977
Lithuanian: 0.0269278420388
Bulgarian: 0.027113924898
Italian: 0.0272010006882
Scottish Gaelic: 0.027210285194
English: 0.0273249883034
Serbo-Croatian: 0.0274476623706
Dutch: 0.0276523646
Czech: 0.0276719009935
[Legacy] Serbian: 0.0277311700443
Elfdalian: 0.0278479063004
Frisian: 0.02858510268
Romanian: 0.0296284942467
Sorbian Upper: 0.0298942002878
French: 0.0299958382312
German: 0.0301494202683
Sorbian Lower: 0.0302390440086
Danish Fjolde: 0.0310128459228
Macedonian: 0.0318023887619
Danish: 0.0326216096868
[Legacy] Macedonian: 0.0340950098971
Old Church Slavonic: 0.0383066509607
Greek: 0.0385752282703
Ancient Greek: 0.0390890707192
Mycenaean Greek: 0.0400474670633
[Legacy] Albanian T: 0.0432309111941



smooth the geographical distance by making it greater than 500km:
Assamese: 0.00410886966944
[Legacy] Brazilian: 0.00481919719103
Bihari: 0.0101872413446
Magahi: 0.0106070581021
Oriya: 0.0109844417572
Icelandic: 0.0111850132599
Hindi: 0.0114322492856
Urdu: 0.0118019770693
Marathi: 0.0118327350185
Tajik: 0.012334275684
Marwari: 0.0127684902106
Persian: 0.0138892050725
Russian: 0.0152282705087
Faroese: 0.0164622142102
Portuguese: 0.0170099690523
Ukrainian: 0.0180228459243
Armenian Eastern: 0.0188671042228
Classical Armenian: 0.0188730682255
Ossetic Iron: 0.0191019176158
Ossetic: 0.0191418947266
Ossetic Digor: 0.0191843168611
Spanish: 0.0192356093887
Armenian Western: 0.0197688226975
Old Norse: 0.0198890901426
Belarusian: 0.0203798929779
Old Irish: 0.0213894338052
Middle Cornish: 0.0222974387988
Middle Breton: 0.0223739301784
Catalan: 0.02238133271
Breton: 0.0225798363749
Norwegian Riksmal: 0.0227274035871
Old Swedish: 0.0230421611808
[Legacy] Breton St: 0.0231381094277
Swedish: 0.0235667098133
Stavangersk: 0.0238802649885
Macedonian: 0.024239403556
Irish: 0.0242806128956
Gutnish Lau: 0.02472031432
Elfdalian: 0.0247643715031
Polish: 0.0251633027228
Slovak: 0.0252254337904
Bulgarian: 0.0253856946355
Latin: 0.0257318276864
Czech: 0.0257479735832
Italian: 0.025918298849
Slovenian: 0.025966209274
[Legacy] Macedonian: 0.0259746157762
Serbo-Croatian: 0.0259792830342
[Legacy] Serbian: 0.0262987400886
Dutch: 0.0263611483412
Lithuanian: 0.0267892413823
Old Church Slavonic: 0.0271105883806
Frisian: 0.02720052928
Scottish Gaelic: 0.027210285194
English: 0.0273156860251
Sorbian Upper: 0.0281896974938
Sorbian Lower: 0.0283389813303
Danish Fjolde: 0.0283726828296
German: 0.0290146316598
Romanian: 0.0290388850141
Greek: 0.0296019151915
French: 0.0299865359528
Ancient Greek: 0.0302060351949
Mycenaean Greek: 0.0309690929774
Danish: 0.03102323815
[Legacy] Albanian T: 0.0334769868446